0 0.190652 0.170762 0.376906 0.314496
0 0.475110 0.144349 0.337793 0.254300
0 0.708899 0.130221 0.240011 0.230958
0 0.867128 0.112408 0.225788 0.200246
0 0.257322 0.520885 0.403574 0.267813
0 0.530224 0.451474 0.312903 0.222359
0 0.711565 0.399263 0.259568 0.194103
0 0.848461 0.353194 0.245345 0.180590
0 0.244877 0.868550 0.353794 0.250614
0 0.526668 0.728501 0.295125 0.208845
0 0.696454 0.640049 0.272013 0.186732
0 0.829793 0.585381 0.215121 0.160934
0 0.879573 0.735872 0.218677 0.154791
0 0.710676 0.856880 0.225788 0.175676
0 0.557780 0.925061 0.268457 0.147420