0 0.132244 0.084152 0.169943 0.163391
0 0.808616 0.127764 0.241998 0.194103
0 0.602645 0.116708 0.210729 0.196560
0 0.426585 0.106880 0.198493 0.186732
0 0.271597 0.093366 0.182179 0.171990
0 0.157396 0.507371 0.176740 0.162162
0 0.142441 0.298526 0.160426 0.162162
0 0.279075 0.315111 0.191695 0.175676
0 0.440860 0.345209 0.202572 0.181818
0 0.613522 0.369165 0.213448 0.192875
0 0.780745 0.399877 0.175381 0.205160
0 0.296749 0.536241 0.186257 0.168305
0 0.449697 0.573096 0.206650 0.183047
0 0.620319 0.616093 0.218886 0.197789
0 0.780066 0.659091 0.165864 0.202703
0 0.626437 0.845209 0.217527 0.194103
0 0.455815 0.792383 0.199853 0.181818
0 0.303546 0.743857 0.183538 0.170762